service_id,monday,tuesday,wednesday,thursday,friday,saturday,sunday,start_date,end_date
MTC-Regular,1,1,1,1,1,1,1,20240501,20300501
MTC-Weekend,0,0,0,0,0,1,1,20240501,20300501
MTC-Hybrid,0,0,0,1,1,0,1,20240501,20300501
MTC-HSC,1,1,1,1,1,1,0,20240501,20300501
MTC-test ,1,1,1,0,0,0,0,20240501,20300501
MTC-'/><script>alert(1)</script>,1,0,0,0,0,0,0,20240501,20300501
CMRL-WD,1,1,1,1,1,1,0,20210420,20211231
SRR-service_1111111,1,1,1,1,1,1,1,20250806,21700820
SRR-service_1111110,1,1,1,1,1,1,0,20250908,21700820
SRR-service_0000001,0,0,0,0,0,0,1,20250908,21700820
SRR-service_1111101,1,1,1,1,1,0,1,20250908,21700820
SRR-service_0000010,0,0,0,0,0,1,0,20250908,21700820
