shape_id,shape_pt_lat,shape_pt_lon,shape_pt_sequence
shp_10758,13.106580,80.280600,0
shp_10758,13.108810,80.281280,1
shp_10758,13.109500,80.281590,2
shp_10758,13.109590,80.281560,3
shp_10758,13.109720,80.281620,4
shp_10758,13.112150,80.282840,5
shp_10758,13.116180,80.284920,6
shp_10758,13.127200,80.290090,7
shp_10758,13.128280,80.290640,8
shp_10758,13.129100,80.290980,9
shp_10758,13.129190,80.291000,10
shp_10758,13.129340,80.291060,11
shp_10758,13.129770,80.291250,12
shp_10758,13.130610,80.291590,13
shp_10758,13.131590,80.291950,14
shp_10758,13.132710,80.292320,15
shp_10758,13.138230,80.294410,16
shp_10758,13.138310,80.294420,17
shp_10758,13.142520,80.296060,18
shp_10758,13.144230,80.296760,19
shp_10758,13.145990,80.297450,20
shp_10758,13.146660,80.297740,21
shp_10758,13.150670,80.299370,22
shp_10758,13.152710,80.300230,23
shp_10758,13.153250,80.300380,24
shp_10758,13.154120,80.300560,25
shp_10758,13.154550,80.300680,26
shp_10758,13.156050,80.301220,27
shp_10758,13.157590,80.301660,28
shp_10758,13.157670,80.301700,29
shp_10758,13.158870,80.302130,30
shp_10758,13.160800,80.302610,31
shp_10758,13.161260,80.302740,32
shp_10758,13.161360,80.302740,33
shp_10758,13.162450,80.303180,34
shp_10758,13.162800,80.303300,35
shp_10758,13.163170,80.303380,36
shp_10758,13.164730,80.303490,37
shp_10758,13.164830,80.303530,38
shp_10758,13.165150,80.303580,39
shp_10758,13.167550,80.304190,40
shp_10758,13.170130,80.304880,41
shp_10758,13.172270,80.305410,42
shp_10758,13.172480,80.305440,43
shp_10758,13.175030,80.306140,44
shp_10758,13.175140,80.306160,45
shp_10758,13.176870,80.306650,46
shp_10758,13.176980,80.306670,47
shp_10758,13.181090,80.307840,48
shp_10758,13.181160,80.307890,49
shp_10758,13.181730,80.308130,50
shp_10758,13.181900,80.308220,51
shp_10758,13.182270,80.308450,52
shp_10758,13.182360,80.308490,53
shp_10758,13.184350,80.309180,54
shp_12475,13.106580,80.280600,0
shp_12475,13.106300,80.280510,1
shp_12475,13.106210,80.280510,2
shp_12475,13.105980,80.280440,3
shp_12475,13.105160,80.280300,4
shp_12475,13.104430,80.280280,5
shp_12475,13.104340,80.280240,6
shp_12475,13.103880,80.280380,7
shp_12475,13.103580,80.280520,8
shp_12475,13.103390,80.280630,9
shp_12475,13.103140,80.280810,10
shp_12475,13.102970,80.280960,11
shp_12475,13.102820,80.281120,12
shp_12475,13.099110,80.285480,13
shp_12475,13.098790,80.285760,14
shp_12475,13.098600,80.285890,15
shp_12475,13.098390,80.286010,16
shp_12475,13.097930,80.286200,17
shp_12475,13.097530,80.286290,18
shp_12475,13.097260,80.286320,19
shp_12475,13.096970,80.286320,20
shp_12475,13.095430,80.286120,21
shp_12475,13.094130,80.285930,22
shp_12475,13.091420,80.285750,23
shp_12475,13.088740,80.285310,24
shp_12475,13.087910,80.285080,25
shp_12475,13.085920,80.284670,26
shp_12475,13.084310,80.283910,27
shp_12475,13.083440,80.283330,28
shp_12475,13.082950,80.282850,29
shp_12475,13.082920,80.282760,30
shp_12475,13.082650,80.282260,31
shp_12475,13.082450,80.281730,32
shp_12475,13.082340,80.281240,33
shp_12475,13.082270,80.280810,34
shp_12475,13.082040,80.277740,35
shp_12475,13.082020,80.277320,36
shp_12475,13.082040,80.275730,37
shp_12475,13.081870,80.274770,38
shp_12475,13.081930,80.274750,39
shp_12475,13.081770,80.273910,40
shp_12475,13.081690,80.273920,41
shp_12475,13.081460,80.272770,42
shp_12475,13.080780,80.271440,43
shp_12475,13.080260,80.271050,44
shp_12475,13.079490,80.270770,45
shp_12475,13.078710,80.270630,46
shp_12475,13.078690,80.270590,47
shp_12475,13.078000,80.270640,48
shp_12475,13.077060,80.271050,49
shp_12475,13.073410,80.273510,50
shp_12475,13.072730,80.273850,51
shp_12475,13.071840,80.274190,52
shp_12475,13.071360,80.274160,53
shp_12475,13.070890,80.274040,54
shp_12475,13.069710,80.273000,55
shp_12475,13.070090,80.273330,56
shp_12475,13.069440,80.272740,57
shp_12475,13.069040,80.272330,58
shp_12475,13.068660,80.271900,59
shp_12475,13.068210,80.271340,60
shp_12475,13.067800,80.270860,61
shp_12475,13.067360,80.270420,62
shp_12475,13.067120,80.270210,63
shp_12475,13.066920,80.269990,64
shp_12475,13.066750,80.269760,65
shp_12475,13.066600,80.269500,66
shp_12475,13.066500,80.269270,67
shp_12475,13.066420,80.269020,68
shp_12475,13.066310,80.268510,69
shp_12475,13.066230,80.268250,70
shp_12475,13.066070,80.267910,71
shp_12475,13.065840,80.267580,72
shp_12475,13.062910,80.263930,73
shp_12475,13.058000,80.257970,74
shp_12475,13.057740,80.257670,75
shp_12475,13.057560,80.257490,76
shp_12475,13.056520,80.256510,77
shp_12475,13.056070,80.255980,78
shp_12475,13.052940,80.251760,79
shp_12475,13.052640,80.251430,80
shp_12475,13.052390,80.251220,81
shp_12475,13.052250,80.251120,82
shp_12475,13.051950,80.250940,83
shp_12475,13.047740,80.248770,84
shp_12475,13.047370,80.248600,85
shp_12475,13.047090,80.248500,86
shp_12475,13.046570,80.248370,87
shp_12475,13.045930,80.248250,88
shp_12475,13.045860,80.248300,89
shp_12475,13.045810,80.248230,90
shp_12475,13.041860,80.247460,91
shp_12475,13.038160,80.246680,92
shp_12475,13.035960,80.246190,93
shp_12475,13.035640,80.246100,94
shp_12475,13.035380,80.246000,95
shp_12475,13.035100,80.245840,96
shp_12475,13.034840,80.245630,97
shp_12475,13.034650,80.245420,98
shp_12475,13.033010,80.243280,99
shp_12475,13.032540,80.242590,100
shp_12475,13.032310,80.242210,101
shp_12475,13.032030,80.241700,102
shp_12475,13.031650,80.240880,103
shp_12475,13.031080,80.239730,104
shp_12475,13.029890,80.237610,105
shp_12475,13.029580,80.237180,106
shp_12475,13.028250,80.235710,107
shp_12475,13.027940,80.235300,108
shp_12475,13.027760,80.235020,109
shp_12475,13.027500,80.234530,110
shp_12475,13.024300,80.229170,111
shp_12475,13.023940,80.228650,112
shp_12475,13.023300,80.227890,113
shp_12475,13.022640,80.227230,114
shp_12475,13.021230,80.225890,115
shp_12475,13.020860,80.225570,116
shp_12475,13.020780,80.225510,117
shp_12475,13.020680,80.225510,118
shp_12475,13.019900,80.225170,119
shp_12475,13.019660,80.225100,120
shp_12475,13.019270,80.225030,121
shp_12475,13.018900,80.225020,122
shp_12475,13.018550,80.225040,123
shp_12475,13.018080,80.225110,124
shp_12475,13.017160,80.225450,125
shp_12475,13.017060,80.225440,126
shp_12475,13.016820,80.225500,127
shp_12475,13.016530,80.225530,128
shp_12475,13.016270,80.225500,129
shp_12475,13.016030,80.225430,130
shp_12475,13.015890,80.225370,131
shp_12475,13.015710,80.225260,132
shp_12475,13.015450,80.225040,133
shp_12475,13.015350,80.225030,134
shp_12475,13.015320,80.225060,135
shp_12475,13.014810,80.224400,136
shp_12475,13.013620,80.222920,137
shp_12475,13.012830,80.221970,138
shp_12475,13.012350,80.221350,139
shp_12475,13.012200,80.221050,140
shp_12475,13.011930,80.220260,141
shp_12475,13.011410,80.218590,142
shp_12475,13.011060,80.217640,143
shp_12475,13.010900,80.217350,144
shp_12475,13.010890,80.217250,145
shp_12475,13.010780,80.217080,146
shp_12475,13.010750,80.216980,147
shp_12475,13.010330,80.216390,148
shp_12475,13.010160,80.216100,149
shp_12475,13.009980,80.215710,150
shp_12475,13.009830,80.215250,151
shp_12475,13.009770,80.215160,152
shp_12475,13.009630,80.214610,153
shp_12475,13.009390,80.213450,154
shp_12475,13.008990,80.211810,155
shp_12475,13.009000,80.211700,156
shp_12475,13.008870,80.211290,157
shp_12475,13.008360,80.209880,158
shp_12475,13.008230,80.209390,159
shp_12475,13.008140,80.208980,160
shp_12475,13.007810,80.206670,161
shp_12475,13.007680,80.206020,162
shp_12475,13.007590,80.205660,163
shp_12475,13.007440,80.205210,164
shp_12475,13.007290,80.204840,165
shp_12475,13.007120,80.204480,166
shp_12475,13.007010,80.204300,167
shp_12475,13.006770,80.204120,168
shp_12475,13.006510,80.203820,169
shp_12475,13.005750,80.202800,170
shp_12475,13.005590,80.202610,171
shp_12475,13.005390,80.202420,172
shp_12475,13.005180,80.202270,173
shp_12475,13.004900,80.202120,174
shp_12475,13.003910,80.201680,175
shp_12475,13.001190,80.200530,176
shp_12475,13.001180,80.200420,177
shp_12475,13.001450,80.200390,178
shp_12475,13.001620,80.200190,179
shp_12475,13.001490,80.199960,180
shp_12475,13.001480,80.199820,181
shp_12475,13.001490,80.199510,182
shp_12475,13.001890,80.198110,183
shp_12475,13.001960,80.197740,184
shp_12475,13.002010,80.197400,185
shp_12475,13.002020,80.197230,186
shp_12475,13.002020,80.197140,187
shp_12475,13.001960,80.196840,188
shp_12475,13.001820,80.196540,189
shp_12475,13.001750,80.196420,190
shp_12475,13.001210,80.195750,191
shp_12475,12.999850,80.194000,192
shp_12475,12.998810,80.192710,193
shp_12475,12.998070,80.191750,194
shp_12475,12.997960,80.191580,195
shp_12475,12.997490,80.190720,196
shp_12475,12.997280,80.190420,197
shp_12475,12.997060,80.190160,198
shp_12475,12.996690,80.189770,199
shp_12475,12.996410,80.189450,200
shp_12475,12.996020,80.188960,201
shp_12475,12.995720,80.188430,202
shp_12475,12.994900,80.186800,203
shp_12475,12.993110,80.183540,204
shp_12475,12.992900,80.183170,205
shp_12475,12.992300,80.182260,206
shp_12475,12.991500,80.181200,207
shp_12475,12.990340,80.179710,208
shp_12475,12.989800,80.179030,209
shp_12475,12.989490,80.178680,210
shp_12475,12.989330,80.178520,211
shp_12475,12.989250,80.178330,212
shp_12475,12.988880,80.177960,213
shp_12475,12.988680,80.177730,214
shp_12475,12.988390,80.177350,215
shp_12475,12.985580,80.173290,216
shp_12475,12.985270,80.172870,217
shp_12475,12.985190,80.172810,218
shp_12475,12.985080,80.172610,219
shp_12475,12.984350,80.171090,220
shp_12475,12.983620,80.169870,221
shp_12475,12.982120,80.167460,222
shp_12475,12.982020,80.167270,223
shp_12475,12.981840,80.166910,224
shp_12475,12.981690,80.166530,225
shp_12475,12.980840,80.164210,226
shp_23210,13.003910,80.201680,0
shp_23210,13.005020,80.202180,1
shp_23210,13.005240,80.202310,2
shp_23210,13.005460,80.202480,3
shp_23210,13.005750,80.202800,4
shp_23210,13.006510,80.203820,5
shp_23210,13.006660,80.204000,6
shp_23210,13.006850,80.204190,7
shp_23210,13.007010,80.204300,8
shp_23210,13.007160,80.204560,9
shp_23210,13.007440,80.205210,10
shp_23210,13.007590,80.205660,11
shp_23210,13.007680,80.206020,12
shp_23210,13.007810,80.206670,13
shp_23210,13.008140,80.208980,14
shp_23210,13.008260,80.209510,15
shp_23210,13.008360,80.209880,16
shp_23210,13.008870,80.211290,17
shp_23210,13.009000,80.211700,18
shp_23210,13.008990,80.211810,19
shp_23210,13.009390,80.213450,20
shp_23210,13.009630,80.214610,21
shp_23210,13.009770,80.215160,22
shp_23210,13.009830,80.215250,23
shp_23210,13.009980,80.215710,24
shp_23210,13.010160,80.216100,25
shp_23210,13.010330,80.216390,26
shp_23210,13.010750,80.216980,27
shp_23210,13.010780,80.217080,28
shp_23210,13.010890,80.217250,29
shp_23210,13.010900,80.217350,30
shp_23210,13.011060,80.217640,31
shp_23210,13.011410,80.218590,32
shp_23210,13.011930,80.220260,33
shp_23210,13.012200,80.221050,34
shp_23210,13.012350,80.221350,35
shp_23210,13.012830,80.221970,36
shp_23210,13.013620,80.222920,37
shp_23210,13.014810,80.224400,38
shp_23210,13.015320,80.225060,39
shp_23210,13.015350,80.225030,40
shp_23210,13.015450,80.225040,41
shp_23210,13.015710,80.225260,42
shp_23210,13.015890,80.225370,43
shp_23210,13.016030,80.225430,44
shp_23210,13.016270,80.225500,45
shp_23210,13.016530,80.225530,46
shp_23210,13.016820,80.225500,47
shp_23210,13.017060,80.225440,48
shp_23210,13.017160,80.225450,49
shp_23210,13.018080,80.225110,50
shp_23210,13.018550,80.225040,51
shp_23210,13.018900,80.225020,52
shp_23210,13.019270,80.225030,53
shp_23210,13.019660,80.225100,54
shp_23210,13.019900,80.225170,55
shp_23210,13.020680,80.225510,56
shp_23210,13.020780,80.225510,57
shp_23210,13.020860,80.225570,58
shp_23210,13.021230,80.225890,59
shp_23210,13.022640,80.227230,60
shp_23210,13.023300,80.227890,61
shp_23210,13.023940,80.228650,62
shp_23210,13.024300,80.229170,63
shp_23210,13.027500,80.234530,64
shp_23210,13.027760,80.235020,65
shp_23210,13.027940,80.235300,66
shp_23210,13.028250,80.235710,67
shp_23210,13.029580,80.237180,68
shp_23210,13.029890,80.237610,69
shp_23210,13.031080,80.239730,70
shp_23210,13.031650,80.240880,71
shp_23210,13.032030,80.241700,72
shp_23210,13.032310,80.242210,73
shp_23210,13.032540,80.242590,74
shp_23210,13.033010,80.243280,75
shp_23210,13.034650,80.245420,76
shp_23210,13.034840,80.245630,77
shp_23210,13.035100,80.245840,78
shp_23210,13.035320,80.245970,79
shp_23210,13.035470,80.246040,80
shp_23210,13.035840,80.246160,81
shp_23210,13.037390,80.246510,82
shp_23210,13.039650,80.247000,83
shp_23210,13.041860,80.247460,84
shp_23210,13.045810,80.248230,85
shp_23210,13.045860,80.248300,86
shp_23210,13.045930,80.248250,87
shp_23210,13.046570,80.248370,88
shp_23210,13.047090,80.248500,89
shp_23210,13.047370,80.248600,90
shp_23210,13.047740,80.248770,91
shp_23210,13.051950,80.250940,92
shp_23210,13.052280,80.251140,93
shp_23210,13.052640,80.251430,94
shp_23210,13.052940,80.251760,95
shp_23210,13.056070,80.255980,96
shp_23210,13.056520,80.256510,97
shp_23210,13.057560,80.257490,98
shp_23210,13.057740,80.257670,99
shp_23210,13.058000,80.257970,100
shp_23210,13.062910,80.263930,101
shp_23210,13.065840,80.267580,102
shp_23210,13.066070,80.267910,103
shp_23210,13.066230,80.268250,104
shp_23210,13.066310,80.268510,105
shp_23210,13.066420,80.269020,106
shp_23210,13.066500,80.269270,107
shp_23210,13.066600,80.269500,108
shp_23210,13.066750,80.269760,109
shp_23210,13.066920,80.269990,110
shp_23210,13.067120,80.270210,111
shp_23210,13.067360,80.270420,112
shp_23210,13.067800,80.270860,113
shp_23210,13.068210,80.271340,114
shp_23210,13.068660,80.271900,115
shp_23210,13.069040,80.272330,116
shp_23210,13.069440,80.272740,117
shp_23210,13.070090,80.273330,118
shp_23210,13.069710,80.273000,119
shp_23210,13.070890,80.274040,120
shp_23210,13.071360,80.274160,121
shp_23210,13.071840,80.274190,122
shp_23210,13.072730,80.273850,123
shp_23210,13.073410,80.273510,124
shp_23210,13.077060,80.271050,125
shp_23210,13.078000,80.270640,126
shp_23210,13.078690,80.270590,127
shp_23210,13.078710,80.270630,128
shp_23210,13.079490,80.270770,129
shp_23210,13.080260,80.271050,130
shp_23210,13.080780,80.271440,131
shp_23210,13.081460,80.272770,132
shp_23210,13.081690,80.273920,133
shp_23210,13.081770,80.273910,134
shp_23210,13.081930,80.274750,135
shp_23210,13.081870,80.274770,136
shp_23210,13.082040,80.275730,137
shp_23210,13.082020,80.277320,138
shp_23210,13.082040,80.277740,139
shp_23210,13.082270,80.280810,140
shp_23210,13.082340,80.281240,141
shp_23210,13.082450,80.281730,142
shp_23210,13.082650,80.282260,143
shp_23210,13.082920,80.282760,144
shp_23210,13.082950,80.282850,145
shp_23210,13.083440,80.283330,146
shp_23210,13.084310,80.283910,147
shp_23210,13.085920,80.284670,148
shp_23210,13.087910,80.285080,149
shp_23210,13.088740,80.285310,150
shp_23210,13.091420,80.285750,151
shp_23210,13.094130,80.285930,152
shp_23210,13.095430,80.286120,153
shp_23210,13.096970,80.286320,154
shp_23210,13.097260,80.286320,155
shp_23210,13.097530,80.286290,156
shp_23210,13.097780,80.286240,157
shp_23210,13.098020,80.286170,158
shp_23210,13.098390,80.286010,159
shp_23210,13.098600,80.285890,160
shp_23210,13.098790,80.285760,161
shp_23210,13.099110,80.285480,162
shp_23210,13.102820,80.281120,163
shp_23210,13.102970,80.280960,164
shp_23210,13.103140,80.280810,165
shp_23210,13.103390,80.280630,166
shp_23210,13.103580,80.280520,167
shp_23210,13.103880,80.280380,168
shp_23210,13.104340,80.280240,169
shp_23210,13.104430,80.280280,170
shp_23210,13.105160,80.280300,171
shp_23210,13.105980,80.280440,172
shp_23210,13.106210,80.280510,173
shp_23210,13.106300,80.280510,174
shp_23210,13.106580,80.280600,175
shp_25595,13.079920,80.225120,0
shp_25595,13.077330,80.224900,1
shp_25595,13.076690,80.224910,2
shp_25595,13.076330,80.225010,3
shp_25595,13.076080,80.225180,4
shp_25595,13.076130,80.225260,5
shp_25595,13.075860,80.225550,6
shp_25595,13.075610,80.226060,7
shp_25595,13.075180,80.230860,8
shp_25595,13.075190,80.231580,9
shp_25595,13.075560,80.232860,10
shp_25595,13.075790,80.233780,11
shp_25595,13.075890,80.233740,12
shp_25595,13.075890,80.233710,13
shp_25595,13.076050,80.234330,14
shp_25595,13.076170,80.234950,15
shp_25595,13.076310,80.236050,16
shp_25595,13.076450,80.236910,17
shp_25595,13.076640,80.237830,18
shp_25595,13.077280,80.240490,19
shp_25595,13.077460,80.241480,20
shp_25595,13.077830,80.244330,21
shp_25595,13.077980,80.246240,22
shp_25595,13.078130,80.247040,23
shp_25595,13.078720,80.249900,24
shp_25595,13.078760,80.250150,25
shp_25595,13.078800,80.251860,26
shp_25595,13.078800,80.252250,27
shp_25595,13.078770,80.252970,28
shp_25595,13.078850,80.254040,29
shp_25595,13.079040,80.255750,30
shp_25595,13.079160,80.257050,31
shp_25595,13.079520,80.260330,32
shp_25595,13.079670,80.260930,33
shp_25595,13.079830,80.261430,34
shp_25595,13.080020,80.261890,35
shp_25595,13.080610,80.264720,36
shp_25595,13.080630,80.264760,37
shp_25595,13.080730,80.265290,38
shp_25595,13.080720,80.267250,39
shp_25595,13.080730,80.268630,40
shp_25595,13.080790,80.270620,41
shp_25595,13.080840,80.270830,42
shp_25595,13.081050,80.271340,43
shp_25595,13.081240,80.271890,44
shp_25595,13.081590,80.272760,45
shp_25595,13.081770,80.273910,46
shp_95961,13.106580,80.280600,0
shp_95961,13.106300,80.280510,1
shp_95961,13.106210,80.280510,2
shp_95961,13.105980,80.280440,3
shp_95961,13.105160,80.280300,4
shp_95961,13.104430,80.280280,5
shp_95961,13.104340,80.280240,6
shp_95961,13.103880,80.280380,7
shp_95961,13.103580,80.280520,8
shp_95961,13.103390,80.280630,9
shp_95961,13.103140,80.280810,10
shp_95961,13.102970,80.280960,11
shp_95961,13.102820,80.281120,12
shp_95961,13.099170,80.285420,13
shp_95961,13.098840,80.285720,14
shp_95961,13.098600,80.285890,15
shp_95961,13.098220,80.286090,16
shp_95961,13.098020,80.286170,17
shp_95961,13.097780,80.286240,18
shp_95961,13.097530,80.286290,19
shp_95961,13.097260,80.286320,20
shp_95961,13.096970,80.286320,21
shp_95961,13.095430,80.286120,22
shp_95961,13.094130,80.285930,23
shp_95961,13.091420,80.285750,24
shp_95961,13.088740,80.285310,25
shp_95961,13.087910,80.285080,26
shp_95961,13.085920,80.284670,27
shp_95961,13.084310,80.283910,28
shp_95961,13.083440,80.283330,29
shp_95961,13.082950,80.282850,30
shp_95961,13.082920,80.282760,31
shp_95961,13.082650,80.282260,32
shp_95961,13.082460,80.281760,33
shp_95961,13.082340,80.281240,34
shp_95961,13.082270,80.280810,35
shp_95961,13.082040,80.277740,36
shp_95961,13.082020,80.277320,37
shp_95961,13.082040,80.275730,38
shp_95961,13.081870,80.274770,39
shp_95961,13.081930,80.274750,40
shp_95961,13.081770,80.273910,41
shp_95961,13.081690,80.273920,42
shp_95961,13.081460,80.272770,43
shp_95961,13.080780,80.271440,44
shp_95961,13.080260,80.271050,45
shp_95961,13.079490,80.270770,46
shp_95961,13.078710,80.270630,47
shp_95961,13.078690,80.270590,48
shp_95961,13.078000,80.270640,49
shp_95961,13.077060,80.271050,50
shp_95961,13.073410,80.273510,51
shp_95961,13.072730,80.273850,52
shp_95961,13.071840,80.274190,53
shp_95961,13.071360,80.274160,54
shp_95961,13.070890,80.274040,55
shp_95961,13.069710,80.273000,56
shp_95961,13.070090,80.273330,57
shp_95961,13.069440,80.272740,58
shp_95961,13.069040,80.272330,59
shp_95961,13.068660,80.271900,60
shp_95961,13.068210,80.271340,61
shp_95961,13.067800,80.270860,62
shp_95961,13.067360,80.270420,63
shp_95961,13.067120,80.270210,64
shp_95961,13.066920,80.269990,65
shp_95961,13.066750,80.269760,66
shp_95961,13.066600,80.269500,67
shp_95961,13.066500,80.269270,68
shp_95961,13.066420,80.269020,69
shp_95961,13.066310,80.268510,70
shp_95961,13.066230,80.268250,71
shp_95961,13.066070,80.267910,72
shp_95961,13.065840,80.267580,73
shp_95961,13.062910,80.263930,74
shp_95961,13.058000,80.257970,75
shp_95961,13.057740,80.257670,76
shp_95961,13.057560,80.257490,77
shp_95961,13.056520,80.256510,78
shp_95961,13.056070,80.255980,79
shp_95961,13.052940,80.251760,80
shp_95961,13.052640,80.251430,81
shp_95961,13.052280,80.251140,82
shp_95961,13.051950,80.250940,83
shp_95961,13.047740,80.248770,84
shp_95961,13.047370,80.248600,85
shp_95961,13.047090,80.248500,86
shp_95961,13.046570,80.248370,87
shp_95961,13.045930,80.248250,88
shp_95961,13.045860,80.248300,89
shp_95961,13.045810,80.248230,90
shp_95961,13.041860,80.247460,91
shp_95961,13.039650,80.247000,92
shp_95961,13.037390,80.246510,93
shp_95961,13.035840,80.246160,94
shp_95961,13.035470,80.246040,95
shp_95961,13.035320,80.245970,96
shp_95961,13.035100,80.245840,97
shp_95961,13.034840,80.245630,98
shp_95961,13.034650,80.245420,99
shp_95961,13.033010,80.243280,100
shp_95961,13.032540,80.242590,101
shp_95961,13.032310,80.242210,102
shp_95961,13.032030,80.241700,103
shp_95961,13.031650,80.240880,104
shp_95961,13.031080,80.239730,105
shp_95961,13.029890,80.237610,106
shp_95961,13.029580,80.237180,107
shp_95961,13.028250,80.235710,108
shp_95961,13.027940,80.235300,109
shp_95961,13.027760,80.235020,110
shp_95961,13.027500,80.234530,111
shp_95961,13.024300,80.229170,112
shp_95961,13.023940,80.228650,113
shp_95961,13.023300,80.227890,114
shp_95961,13.022640,80.227230,115
shp_95961,13.021230,80.225890,116
shp_95961,13.020860,80.225570,117
shp_95961,13.020780,80.225510,118
shp_95961,13.020680,80.225510,119
shp_95961,13.019900,80.225170,120
shp_95961,13.019660,80.225100,121
shp_95961,13.019270,80.225030,122
shp_95961,13.018900,80.225020,123
shp_95961,13.018550,80.225040,124
shp_95961,13.018080,80.225110,125
shp_95961,13.017160,80.225450,126
shp_95961,13.017060,80.225440,127
shp_95961,13.016820,80.225500,128
shp_95961,13.016530,80.225530,129
shp_95961,13.016270,80.225500,130
shp_95961,13.016030,80.225430,131
shp_95961,13.015890,80.225370,132
shp_95961,13.015710,80.225260,133
shp_95961,13.015450,80.225040,134
shp_95961,13.015350,80.225030,135
shp_95961,13.015320,80.225060,136
shp_95961,13.014810,80.224400,137
shp_95961,13.013620,80.222920,138
shp_95961,13.012830,80.221970,139
shp_95961,13.012350,80.221350,140
shp_95961,13.012200,80.221050,141
shp_95961,13.011930,80.220260,142
shp_95961,13.011410,80.218590,143
shp_95961,13.011060,80.217640,144
shp_95961,13.010900,80.217350,145
shp_95961,13.010890,80.217250,146
shp_95961,13.010780,80.217080,147
shp_95961,13.010750,80.216980,148
shp_95961,13.010330,80.216390,149
shp_95961,13.010160,80.216100,150
shp_95961,13.009980,80.215710,151
shp_95961,13.009830,80.215250,152
shp_95961,13.009770,80.215160,153
shp_95961,13.009630,80.214610,154
shp_95961,13.009390,80.213450,155
shp_95961,13.008990,80.211810,156
shp_95961,13.009000,80.211700,157
shp_95961,13.008870,80.211290,158
shp_95961,13.008360,80.209880,159
shp_95961,13.008260,80.209510,160
shp_95961,13.008140,80.208980,161
shp_95961,13.007810,80.206670,162
shp_95961,13.007680,80.206020,163
shp_95961,13.007590,80.205660,164
shp_95961,13.007440,80.205210,165
shp_95961,13.007160,80.204560,166
shp_95961,13.007010,80.204300,167
shp_95961,13.006850,80.204190,168
shp_95961,13.006660,80.204000,169
shp_95961,13.006510,80.203820,170
shp_95961,13.005750,80.202800,171
shp_95961,13.005460,80.202480,172
shp_95961,13.005240,80.202310,173
shp_95961,13.005020,80.202180,174
shp_95961,13.003910,80.201680,175
shp_15825,13.035240,80.210660,0
shp_15825,13.034990,80.210230,1
shp_15825,13.034900,80.210200,2
shp_15825,13.034500,80.209990,3
shp_15825,13.034260,80.209890,4
shp_15825,13.033940,80.209790,5
shp_15825,13.033600,80.209720,6
shp_15825,13.033240,80.209680,7
shp_15825,13.032900,80.209680,8
shp_15825,13.032610,80.209660,9
shp_15825,13.032130,80.209580,10
shp_15825,13.031490,80.209400,11
shp_15825,13.028860,80.208610,12
shp_15825,13.028420,80.208400,13
shp_15825,13.028280,80.208310,14
shp_15825,13.027570,80.207760,15
shp_15825,13.027270,80.207560,16
shp_15825,13.026420,80.207240,17
shp_15825,13.025850,80.207050,18
shp_15825,13.025270,80.206880,19
shp_15825,13.024420,80.206690,20
shp_15825,13.023900,80.206610,21
shp_15825,13.023140,80.206530,22
shp_15825,13.019880,80.206310,23
shp_15825,13.019430,80.206240,24
shp_15825,13.018720,80.206060,25
shp_15825,13.018620,80.206060,26
shp_15825,13.017850,80.205790,27
shp_15825,13.016950,80.205450,28
shp_15825,13.015640,80.205000,29
shp_15825,13.015080,80.204730,30
shp_15825,13.012800,80.203900,31
shp_15825,13.012130,80.203640,32
shp_15825,13.011910,80.203580,33
shp_15825,13.011560,80.203420,34
shp_15825,13.011200,80.203310,35
shp_15825,13.010860,80.203240,36
shp_15825,13.010580,80.203210,37
shp_15825,13.009670,80.203240,38
shp_15825,13.008570,80.203230,39
shp_15825,13.008180,80.203180,40
shp_15825,13.007940,80.203130,41
shp_15825,13.007620,80.203040,42
shp_15825,13.007230,80.202890,43
shp_15825,13.005950,80.202300,44
shp_15825,13.005590,80.202150,45
shp_15825,13.005410,80.202210,46
shp_15825,13.005280,80.202220,47
shp_15825,13.005180,80.202260,48
shp_15825,13.004900,80.202120,49
shp_15825,13.003910,80.201680,50
shp_15825,13.001360,80.200600,51
shp_15825,13.000940,80.200450,52
shp_15825,13.000840,80.200440,53
shp_15825,12.999370,80.200530,54
shp_15825,12.997920,80.200570,55
shp_15825,12.997310,80.200570,56
shp_15825,12.996860,80.200520,57
shp_15825,12.996650,80.200460,58
shp_15825,12.996480,80.200370,59
shp_15825,12.996300,80.200230,60
shp_15825,12.996130,80.200030,61
shp_15825,12.996050,80.199890,62
shp_15825,12.995450,80.198320,63
shp_15825,12.995010,80.197120,64
shp_15825,12.994980,80.197110,65
shp_14378,13.075330,80.194950,0
shp_14378,13.074090,80.194900,1
shp_14378,13.072490,80.194860,2
shp_14378,13.070970,80.194850,3
shp_14378,13.070750,80.194910,4
shp_14378,13.070580,80.194980,5
shp_14378,13.070390,80.195080,6
shp_14378,13.070090,80.195300,7
shp_14378,13.069830,80.195590,8
shp_14378,13.069650,80.195880,9
shp_14378,13.069540,80.196150,10
shp_14378,13.069470,80.196430,11
shp_14378,13.069440,80.196680,12
shp_14378,13.069430,80.196830,13
shp_14378,13.069490,80.199670,14
shp_14378,13.069440,80.200190,15
shp_14378,13.069420,80.200330,16
shp_14378,13.069340,80.200640,17
shp_14378,13.069240,80.200960,18
shp_14378,13.068980,80.201580,19
shp_14378,13.068850,80.201970,20
shp_14378,13.068800,80.202040,21
shp_14378,13.068740,80.202320,22
shp_14378,13.068410,80.204680,23
shp_14378,13.068330,80.205500,24
shp_14378,13.068300,80.207050,25
shp_14378,13.068240,80.207340,26
shp_14378,13.068170,80.207570,27
shp_14378,13.068080,80.207750,28
shp_14378,13.067740,80.208290,29
shp_14378,13.066860,80.209610,30
shp_14378,13.066640,80.209840,31
shp_14378,13.065350,80.210920,32
shp_14378,13.065050,80.211140,33
shp_14378,13.064510,80.211360,34
shp_14378,13.064190,80.211460,35
shp_14378,13.063870,80.211540,36
shp_14378,13.063550,80.211600,37
shp_14378,13.063160,80.211650,38
shp_14378,13.062840,80.211680,39
shp_14378,13.061400,80.211730,40
shp_14378,13.060800,80.211740,41
shp_14378,13.059690,80.211730,42
shp_14378,13.057960,80.211660,43
shp_14378,13.056830,80.211570,44
shp_14378,13.055500,80.211440,45
shp_14378,13.055130,80.211440,46
shp_14378,13.054760,80.211470,47
shp_14378,13.054400,80.211520,48
shp_14378,13.054020,80.211600,49
shp_14378,13.052510,80.211990,50
shp_14378,13.051780,80.212070,51
shp_14378,13.051530,80.212080,52
shp_14378,13.050390,80.212010,53
shp_14378,13.049490,80.211990,54
shp_14378,13.046910,80.212210,55
shp_14378,13.044240,80.212290,56
shp_14378,13.040140,80.212300,57
shp_14378,13.039370,80.212320,58
shp_14378,13.036930,80.212440,59
shp_14378,13.036700,80.212370,60
shp_14378,13.036460,80.212260,61
shp_14378,13.036250,80.212110,62
shp_14378,13.036030,80.211890,63
shp_14378,13.035940,80.211830,64
shp_14378,13.035790,80.211610,65
shp_14378,13.035540,80.211190,66
shp_14378,13.034990,80.210230,67
shp_14378,13.034900,80.210200,68
shp_14378,13.034500,80.209990,69
shp_14378,13.034110,80.209840,70
shp_14378,13.033720,80.209740,71
shp_14378,13.033240,80.209680,72
shp_14378,13.032900,80.209680,73
shp_14378,13.032610,80.209660,74
shp_14378,13.032130,80.209580,75
shp_14378,13.031490,80.209400,76
shp_14378,13.028860,80.208610,77
shp_14378,13.028420,80.208400,78
shp_14378,13.028280,80.208310,79
shp_14378,13.027570,80.207760,80
shp_14378,13.027270,80.207560,81
shp_14378,13.026420,80.207240,82
shp_14378,13.025850,80.207050,83
shp_14378,13.024950,80.206800,84
shp_14378,13.024420,80.206690,85
shp_14378,13.023980,80.206620,86
shp_14378,13.023140,80.206530,87
shp_14378,13.019880,80.206310,88
shp_14378,13.019430,80.206240,89
shp_14378,13.018720,80.206060,90
shp_14378,13.018620,80.206060,91
shp_14378,13.017850,80.205790,92
shp_14378,13.016950,80.205450,93
shp_14378,13.015640,80.205000,94
shp_14378,13.015080,80.204730,95
shp_14378,13.012800,80.203900,96
shp_14378,13.012130,80.203640,97
shp_14378,13.011910,80.203580,98
shp_14378,13.011560,80.203420,99
shp_14378,13.011200,80.203310,100
shp_14378,13.010860,80.203240,101
shp_14378,13.010580,80.203210,102
shp_14378,13.009670,80.203240,103
shp_14378,13.008770,80.203240,104
shp_14378,13.008470,80.203220,105
shp_14378,13.008180,80.203180,106
shp_14378,13.007820,80.203100,107
shp_14378,13.007450,80.202980,108
shp_14378,13.005950,80.202300,109
shp_14378,13.005590,80.202150,110
shp_14378,13.005410,80.202210,111
shp_14378,13.005280,80.202220,112
shp_14378,13.005180,80.202260,113
shp_14378,13.004900,80.202120,114
shp_14378,13.003910,80.201680,115
shp_14378,13.001190,80.200530,116
shp_14378,13.001180,80.200420,117
shp_14378,13.001450,80.200390,118
shp_14378,13.001620,80.200190,119
shp_14378,13.001490,80.199960,120
shp_14378,13.001480,80.199820,121
shp_14378,13.001490,80.199510,122
shp_14378,13.001890,80.198110,123
shp_14378,13.001960,80.197740,124
shp_14378,13.002010,80.197400,125
shp_14378,13.002020,80.197230,126
shp_14378,13.002020,80.197140,127
shp_14378,13.001960,80.196840,128
shp_14378,13.001820,80.196540,129
shp_14378,13.001750,80.196420,130
shp_14378,13.001210,80.195750,131
shp_14378,12.999850,80.194000,132
shp_14378,12.998810,80.192710,133
shp_14378,12.998070,80.191750,134
shp_14378,12.997960,80.191580,135
shp_14378,12.997490,80.190720,136
shp_14378,12.997280,80.190420,137
shp_14378,12.997060,80.190160,138
shp_14378,12.996690,80.189770,139
shp_14378,12.996410,80.189450,140
shp_14378,12.996020,80.188960,141
shp_14378,12.995720,80.188430,142
shp_14378,12.994900,80.186800,143
shp_14378,12.993110,80.183540,144
shp_14378,12.992900,80.183170,145
shp_14378,12.992300,80.182260,146
shp_14378,12.991500,80.181200,147
shp_14378,12.990340,80.179710,148
shp_14378,12.989800,80.179030,149
shp_14378,12.989490,80.178680,150
shp_14378,12.989330,80.178520,151
shp_14378,12.989250,80.178330,152
shp_14378,12.988880,80.177960,153
shp_14378,12.988680,80.177730,154
shp_14378,12.988390,80.177350,155
shp_14378,12.985580,80.173290,156
shp_14378,12.985270,80.172870,157
shp_14378,12.985190,80.172810,158
shp_14378,12.985080,80.172610,159
shp_14378,12.984350,80.171090,160
shp_14378,12.983620,80.169870,161
shp_14378,12.982120,80.167460,162
shp_14378,12.982020,80.167270,163
shp_14378,12.981840,80.166910,164
shp_14378,12.981690,80.166530,165
shp_14378,12.980840,80.164210,166
shp_96487,13.079920,80.225120,0
shp_96487,13.080630,80.225180,1
shp_96487,13.081020,80.225180,2
shp_96487,13.081300,80.225080,3
shp_96487,13.082440,80.224450,4
shp_96487,13.083560,80.223230,5
shp_96487,13.084070,80.222110,6
shp_96487,13.084380,80.221290,7
shp_96487,13.084510,80.220730,8
shp_96487,13.084610,80.220730,9
shp_96487,13.084690,80.218230,10
shp_96487,13.084790,80.213220,11
shp_96487,13.084900,80.210580,12
shp_96487,13.084950,80.210090,13
shp_96487,13.085100,80.206500,14
shp_96487,13.085230,80.203000,15
shp_96487,13.085200,80.202910,16
shp_96487,13.085250,80.201190,17
shp_96487,13.085330,80.199560,18
shp_96487,13.085240,80.199510,19
shp_96487,13.085050,80.199180,20
shp_96487,13.084870,80.198960,21
shp_96487,13.084580,80.198710,22
shp_96487,13.084330,80.198570,23
shp_96487,13.084100,80.198480,24
shp_96487,13.083860,80.198420,25
shp_96487,13.083610,80.198390,26
shp_96487,13.081260,80.198330,27
shp_96487,13.080990,80.198260,28
shp_96487,13.080820,80.198240,29
shp_96487,13.080660,80.198240,30
shp_96487,13.080310,80.198300,31
shp_96487,13.079930,80.198460,32
shp_96487,13.079830,80.198450,33
shp_96487,13.079680,80.198490,34
shp_96487,13.079320,80.198510,35
shp_96487,13.079220,80.198500,36
shp_96487,13.078960,80.198430,37
shp_96487,13.078810,80.198360,38
shp_96487,13.078500,80.198180,39
shp_96487,13.078290,80.197940,40
shp_96487,13.078180,80.197760,41
shp_96487,13.078120,80.197630,42
shp_96487,13.078050,80.197430,43
shp_96487,13.078020,80.197170,44
shp_96487,13.077980,80.197090,45
shp_96487,13.077970,80.196150,46
shp_96487,13.077940,80.196000,47
shp_96487,13.077850,80.195760,48
shp_96487,13.077790,80.195640,49
shp_96487,13.077650,80.195450,50
shp_96487,13.077410,80.195250,51
shp_96487,13.077170,80.195110,52
shp_96487,13.076880,80.195010,53
shp_96487,13.076560,80.194960,54
shp_96487,13.075330,80.194950,55
shp_96487,13.074090,80.194900,56
shp_96487,13.072490,80.194860,57
shp_96487,13.070970,80.194850,58
shp_96487,13.070750,80.194910,59
shp_96487,13.070580,80.194980,60
shp_96487,13.070390,80.195080,61
shp_96487,13.070090,80.195300,62
shp_96487,13.069830,80.195590,63
shp_96487,13.069650,80.195880,64
shp_96487,13.069540,80.196150,65
shp_96487,13.069470,80.196430,66
shp_96487,13.069430,80.196820,67
shp_96487,13.069490,80.199670,68
shp_96487,13.069450,80.200110,69
shp_96487,13.069420,80.200330,70
shp_96487,13.069240,80.200960,71
shp_96487,13.068980,80.201580,72
shp_96487,13.068850,80.201970,73
shp_96487,13.068800,80.202040,74
shp_96487,13.068740,80.202320,75
shp_96487,13.068410,80.204680,76
shp_96487,13.068330,80.205500,77
shp_96487,13.068300,80.207050,78
shp_96487,13.068240,80.207340,79
shp_96487,13.068170,80.207570,80
shp_96487,13.068080,80.207750,81
shp_96487,13.067740,80.208290,82
shp_96487,13.066860,80.209610,83
shp_96487,13.066640,80.209840,84
shp_96487,13.065970,80.210410,85
shp_96487,13.065130,80.211090,86
shp_96487,13.065050,80.211140,87
shp_96487,13.064670,80.211300,88
shp_96487,13.064480,80.211370,89
shp_96487,13.064040,80.211500,90
shp_96487,13.063420,80.211620,91
shp_96487,13.062840,80.211680,92
shp_96487,13.060800,80.211740,93
shp_96487,13.059320,80.211720,94
shp_96487,13.057960,80.211660,95
shp_96487,13.056830,80.211570,96
shp_96487,13.055500,80.211440,97
shp_96487,13.055130,80.211440,98
shp_96487,13.054760,80.211470,99
shp_96487,13.054400,80.211520,100
shp_96487,13.054020,80.211600,101
shp_96487,13.052510,80.211990,102
shp_96487,13.051780,80.212070,103
shp_96487,13.051530,80.212080,104
shp_96487,13.050390,80.212010,105
shp_96487,13.049490,80.211990,106
shp_96487,13.046910,80.212210,107
shp_96487,13.044240,80.212290,108
shp_96487,13.040140,80.212300,109
shp_96487,13.039370,80.212320,110
shp_96487,13.036930,80.212440,111
shp_96487,13.036700,80.212370,112
shp_96487,13.036460,80.212260,113
shp_96487,13.036250,80.212110,114
shp_96487,13.036030,80.211890,115
shp_96487,13.035940,80.211830,116
shp_96487,13.035790,80.211610,117
shp_96487,13.035540,80.211190,118
shp_96487,13.034990,80.210230,119
shp_96487,13.034900,80.210200,120
shp_96487,13.034500,80.209990,121
shp_96487,13.034110,80.209840,122
shp_96487,13.033720,80.209740,123
shp_96487,13.033240,80.209680,124
shp_96487,13.032900,80.209680,125
shp_96487,13.032610,80.209660,126
shp_96487,13.032130,80.209580,127
shp_96487,13.031490,80.209400,128
shp_96487,13.028860,80.208610,129
shp_96487,13.028420,80.208400,130
shp_96487,13.028280,80.208310,131
shp_96487,13.027570,80.207760,132
shp_96487,13.027270,80.207560,133
shp_96487,13.026420,80.207240,134
shp_96487,13.025850,80.207050,135
shp_96487,13.024950,80.206800,136
shp_96487,13.024420,80.206690,137
shp_96487,13.023980,80.206620,138
shp_96487,13.023140,80.206530,139
shp_96487,13.019880,80.206310,140
shp_96487,13.019430,80.206240,141
shp_96487,13.018720,80.206060,142
shp_96487,13.018620,80.206060,143
shp_96487,13.017850,80.205790,144
shp_96487,13.016950,80.205450,145
shp_96487,13.015640,80.205000,146
shp_96487,13.015080,80.204730,147
shp_96487,13.012800,80.203900,148
shp_96487,13.012130,80.203640,149
shp_96487,13.011910,80.203580,150
shp_96487,13.011560,80.203420,151
shp_96487,13.011200,80.203310,152
shp_96487,13.010860,80.203240,153
shp_96487,13.010580,80.203210,154
shp_96487,13.009670,80.203240,155
shp_96487,13.008770,80.203240,156
shp_96487,13.008470,80.203220,157
shp_96487,13.008180,80.203180,158
shp_96487,13.007820,80.203100,159
shp_96487,13.007450,80.202980,160
shp_96487,13.005950,80.202300,161
shp_96487,13.005590,80.202150,162
shp_96487,13.005410,80.202210,163
shp_96487,13.005280,80.202220,164
shp_96487,13.005180,80.202260,165
shp_96487,13.004900,80.202120,166
shp_96487,13.003910,80.201680,167
shp_96487,13.001190,80.200530,168
shp_96487,13.001180,80.200420,169
shp_96487,13.001450,80.200390,170
shp_96487,13.001620,80.200190,171
shp_96487,13.001490,80.199960,172
shp_96487,13.001480,80.199820,173
shp_96487,13.001490,80.199510,174
shp_96487,13.001890,80.198110,175
shp_96487,13.001960,80.197740,176
shp_96487,13.002010,80.197400,177
shp_96487,13.002020,80.197230,178
shp_96487,13.002020,80.197140,179
shp_96487,13.001960,80.196840,180
shp_96487,13.001820,80.196540,181
shp_96487,13.001750,80.196420,182
shp_96487,13.001210,80.195750,183
shp_96487,12.999850,80.194000,184
shp_96487,12.998810,80.192710,185
shp_96487,12.998070,80.191750,186
shp_96487,12.997960,80.191580,187
shp_96487,12.997490,80.190720,188
shp_96487,12.997280,80.190420,189
shp_96487,12.997060,80.190160,190
shp_96487,12.996690,80.189770,191
shp_96487,12.996410,80.189450,192
shp_96487,12.996020,80.188960,193
shp_96487,12.995720,80.188430,194
shp_96487,12.994900,80.186800,195
shp_96487,12.993110,80.183540,196
shp_96487,12.992900,80.183170,197
shp_96487,12.992300,80.182260,198
shp_96487,12.991500,80.181200,199
shp_96487,12.990340,80.179710,200
shp_96487,12.989800,80.179030,201
shp_96487,12.989490,80.178680,202
shp_96487,12.989330,80.178520,203
shp_96487,12.989250,80.178330,204
shp_96487,12.988880,80.177960,205
shp_96487,12.988680,80.177730,206
shp_96487,12.988390,80.177350,207
shp_96487,12.985580,80.173290,208
shp_96487,12.985270,80.172870,209
shp_96487,12.985190,80.172810,210
shp_96487,12.985080,80.172610,211
shp_96487,12.984350,80.171090,212
shp_96487,12.983620,80.169870,213
shp_96487,12.982120,80.167460,214
shp_96487,12.982020,80.167270,215
shp_96487,12.981840,80.166910,216
shp_96487,12.981690,80.166530,217
shp_96487,12.980840,80.164210,218
